1 1 0 0 -0 1221.5856453093 0.356141706055613
1 2 0 -1.44154968638134e-18 -0.197369743345109 1212.0328869523 0.340800629967812
1 3 0 -2.88309937276268e-18 -0.394739486690218 1202.4360264815 0.336609322365373
1 4 0 -4.32464905914402e-18 -0.592109230035327 1194.99535390206 0.334136961722025
1 5 0 -5.76619874552536e-18 -0.789478973380436 1189.83275450757 0.32957246639138
1 6 0 -7.2077484319067e-18 -0.986848716725545 1186.90321797771 0.337722135627377
1 7 0 -8.64929811828804e-18 -1.18421846007065 1263.73942759944 0.199228189843207
1 8 0 -1.00908478046694e-17 -1.38158820341576 1250.8439122954 0.271927885554281
1 9 0 -1.15323974910507e-17 -1.57895794676087 1248.24251749748 0.272784147898103
1 10 0 -1.29739471774321e-17 -1.77632769010598 1247.81035589837 0.272632758784703
1 11 0 -1.44154968638134e-17 -1.97369743345109 1249.54731154143 0.273147753578283
1 12 0 -1.58570465501947e-17 -2.1710671767962 1263.93688809698 0.203212989773963
1 13 0 -1.72985962365761e-17 -2.36843692014131 1263.82550515969 0.203253215127074
1 14 0 -1.87401459229574e-17 -2.56580666348642 1188.37823566049 0.338971794298851
1 15 0 -2.01816956093388e-17 -2.76317640683153 1192.6675896895 0.328887930352742
1 16 0 -2.16232452957201e-17 -2.96054615017664 1199.25175731515 0.339145010668876
1 17 0 -2.30647949821014e-17 -3.15791589352174 1207.9292113707 0.335832864612787
1 18 0 -2.45063446684828e-17 -3.35528563686685 1219.02396152268 0.344115102620685
1 19 0 -2.59478943548641e-17 -3.55265538021196 1216.59286791363 0.349416942091005
1 20 0 -2.73894440412455e-17 -3.75002512355707 1206.02766626453 0.338292178340382
1 21 0 -2.88309937276268e-17 -3.94739486690218 1197.73412818516 0.333954700905324
1 22 0 -3.02725434140081e-17 -4.14476461024729 1191.64655163262 0.336907752442562
1 23 0 -3.17140931003895e-17 -4.3421343535924 1187.80821434949 0.332834328550765
1 24 0 -3.31556427867708e-17 -4.53950409693751 1186.23245730337 0.329644233662429
1 25 0 -3.45971924731522e-17 -4.73687384028262 1186.89467235392 0.329929010175382
1 26 0 -3.60387421595335e-17 -4.93424358362773 1189.84796517795 0.327321400535251
1 27 0 -3.74802918459148e-17 -5.13161332697283 1194.9675729354 0.339795054330686
1 28 0 -3.89218415322962e-17 -5.32898307031794 1202.4359244873 0.340383197806188
1 29 0 -4.03633912186775e-17 -5.52635281366305 1212.03115737966 0.342113213250729
2 1 0 0.190526315526618 -2.80866681177501e-18 1244.38317089867 0.392640821864852
2 2 0 0.190526315526618 -0.197369743345109 1213.60667382407 0.344026903063027
2 3 0 0.190526315526618 -0.394739486690218 1203.95747198631 0.339980382609239
2 4 0 0.190526315526618 -0.592109230035327 1196.45674998048 0.337845074649806
2 5 0 0.190526315526618 -0.789478973380436 1191.29966429832 0.330476252224461
2 6 0 0.190526315526618 -0.986848716725545 1188.37465603525 0.326909012427041
2 7 0 0.190526315526618 -1.18421846007065 1265.25216894835 0.201834752234246
2 8 0 0.190526315526618 -1.38158820341576 1252.36366511459 0.273587887688023
2 9 0 0.190526315526618 -1.57895794676087 1249.75974463608 0.273348767697953
2 10 0 0.190526315526618 -1.77632769010598 1249.336236549 0.272173008630745
2 11 0 0.190526315526618 -1.97369743345109 1251.06102906805 0.273842674092622
2 12 0 0.190526315526618 -2.1710671767962 1265.4548324285 0.204686228896657
2 13 0 0.190526315526618 -2.36843692014131 1265.33795743733 0.202652819048759
2 14 0 0.190526315526618 -2.56580666348642 1189.84174757744 0.332801316126849
2 15 0 0.190526315526618 -2.76317640683153 1194.12614807534 0.334666794375985
2 16 0 0.190526315526618 -2.96054615017664 1200.6577219864 0.337892789143412
2 17 0 0.190526315526618 -3.15791589352174 1209.40486094484 0.337792896368638
2 18 0 0.190526315526618 -3.35528563686685 1220.44466299794 0.343745873064641
2 19 0 0.190526315526618 -3.55265538021196 1217.98557001446 0.344936135924765
2 20 0 0.190526315526618 -3.75002512355707 1207.44193861658 0.340393996744252
2 21 0 0.190526315526618 -3.94739486690218 1199.16065959842 0.336032319929779
2 22 0 0.190526315526618 -4.14476461024729 1193.08466798626 0.331928773387151
2 23 0 0.190526315526618 -4.3421343535924 1189.27736641911 0.336155857566343
2 24 0 0.190526315526618 -4.53950409693751 1187.69762059128 0.338691965200119
2 25 0 0.190526315526618 -4.73687384028262 1188.37311808504 0.337638339084207
2 26 0 0.190526315526618 -4.93424358362773 1191.2490089496 0.33342711243814
2 27 0 0.190526315526618 -5.13161332697283 1196.43334653534 0.338159897626912
2 28 0 0.190526315526618 -5.32898307031794 1203.93462566385 0.336035064700821
2 29 0 0.190526315526618 -5.52635281366305 1213.57355171403 0.347065324458392
3 1 0 0.381052631053236 -5.61733362355002e-18 1229.86540905834 0.35477926240083
3 2 0 0.381052631053236 -0.197369743345109 1217.89953024207 0.343737349514286
3 3 0 0.381052631053236 -0.394739486690218 1208.21321972583 0.338917653915384
3 4 0 0.381052631053236 -0.592109230035327 1200.84968581087 0.334413200909316
3 5 0 0.381052631053236 -0.789478973380436 1195.69956424423 0.335088245032473
3 6 0 0.381052631053236 -0.986848716725545 1192.78350180929 0.336467176157582
3 7 0 0.381052631053236 -1.18421846007065 1269.79414697429 0.204274120830636
3 8 0 0.381052631053236 -1.38158820341576 1256.94803137261 0.276079879843434
3 9 0 0.381052631053236 -1.57895794676087 1254.33226987097 0.276591410585671
3 10 0 0.381052631053236 -1.77632769010598 1253.90262703213 0.275344105068329
3 11 0 0.381052631053236 -1.97369743345109 1255.62867667025 0.275384918723465
3 12 0 0.381052631053236 -2.1710671767962 1269.99518761133 0.20564007512188
3 13 0 0.381052631053236 -2.36843692014131 1269.82471927277 0.204410253598912
3 14 0 0.381052631053236 -2.56580666348642 1194.23211593596 0.336236997807637
3 15 0 0.381052631053236 -2.76317640683153 1198.53714110867 0.339288945007547
3 16 0 0.381052631053236 -2.96054615017664 1204.99687402655 0.342650224051041
3 17 0 0.381052631053236 -3.15791589352174 1213.80942559161 0.343533311000546
3 18 0 0.381052631053236 -3.35528563686685 1224.74405362683 0.348183680835069
3 19 0 0.381052631053236 -3.55265538021196 1222.38811743178 0.349802942703563
3 20 0 0.381052631053236 -3.75002512355707 1211.82647096551 0.344622176184231
3 21 0 0.381052631053236 -3.94739486690218 1203.49785397032 0.338543044672816
3 22 0 0.381052631053236 -4.14476461024729 1197.48960443103 0.338545323288911
3 23 0 0.381052631053236 -4.3421343535924 1193.68049508974 0.338933848076678
3 24 0 0.381052631053236 -4.53950409693751 1192.07657091574 0.340247372850191
3 25 0 0.381052631053236 -4.73687384028262 1192.74643111336 0.339016306814269
3 26 0 0.381052631053236 -4.93424358362773 1195.68412466081 0.336999615776063
3 27 0 0.381052631053236 -5.13161332697283 1200.85978194282 0.342119122626722
3 28 0 0.381052631053236 -5.32898307031794 1208.21653713113 0.344312568981253
3 29 0 0.381052631053236 -5.52635281366305 1217.86082125363 0.344081120298735
4 1 0 0.571578946579854 -8.42600043532503e-18 901.682260269133 0.315836542133319
4 2 0 0.571578946579854 -0.197369743345109 896.405490117561 0.313452054290364
4 3 0 0.571578946579854 -0.394739486690218 893.237697511142 0.314206875284679
4 4 0 0.571578946579854 -0.592109230035327 1208.06391200897 0.342562060561548
4 5 0 0.571578946579854 -0.789478973380436 1202.95082825315 0.340284137183755
4 6 0 0.571578946579854 -0.986848716725545 1200.04880408171 0.340756202131666
4 7 0 0.571578946579854 -1.18421846007065 1277.34221118915 0.208454624245082
4 8 0 0.571578946579854 -1.38158820341576 1264.5585814485 0.277458651341595
4 9 0 0.571578946579854 -1.57895794676087 1261.95466621122 0.279960012940331
4 10 0 0.571578946579854 -1.77632769010598 1261.5519137428 0.279548334719685
4 11 0 0.571578946579854 -1.97369743345109 1263.28104740643 0.279150491901234
4 12 0 0.571578946579854 -2.1710671767962 1277.59272473054 0.210887675208323
4 13 0 0.571578946579854 -2.36843692014131 1199.529478347 0.340649934157269
4 14 0 0.571578946579854 -2.56580666348642 1201.52135598569 0.342815332747145
4 15 0 0.571578946579854 -2.76317640683153 1205.79042995783 0.345216913634922
4 16 0 0.571578946579854 -2.96054615017664 892.621394933712 0.314217737207114
4 17 0 0.571578946579854 -3.15791589352174 894.91014265837 0.313946257345386
4 18 0 0.571578946579854 -3.35528563686685 899.280284599081 0.316150289556783
4 19 0 0.571578946579854 -3.55265538021196 898.27670575002 0.316682187431717
4 20 0 0.571578946579854 -3.75002512355707 894.255895954107 0.314196942314821
4 21 0 0.571578946579854 -3.94739486690218 892.447878809365 0.313986810823549
4 22 0 0.571578946579854 -4.14476461024729 1204.69225461852 0.344167639677189
4 23 0 0.571578946579854 -4.3421343535924 1200.95901844388 0.341327295228807
4 24 0 0.571578946579854 -4.53950409693751 1199.3620143292 0.344519052716218
4 25 0 0.571578946579854 -4.73687384028262 1200.01013299881 0.344852710824845
4 26 0 0.571578946579854 -4.93424358362773 1202.92045511141 0.337858018424742
4 27 0 0.571578946579854 -5.13161332697283 892.408132892157 0.314317667514448
4 28 0 0.571578946579854 -5.32898307031794 893.251037991569 0.315253436437936
4 29 0 0.571578946579854 -5.52635281366305 896.337136081168 0.315896625644406
5 1 0 0.762105262106472 -1.12346672471e-17 884.018568286327 0.307818616746025
5 2 0 0.762105262106472 -0.197369743345109 891.590702420559 0.311874452365991
5 3 0 0.762105262106472 -0.394739486690218 875.542412555441 0.305236629970995
5 4 0 0.762105262106472 -0.592109230035327 874.698687560542 0.305511792392263
5 5 0 0.762105262106472 -0.789478973380436 876.001236470565 0.307628727053578
5 6 0 0.762105262106472 -0.986848716725545 1210.1704886273 0.342664324546711
5 7 0 0.762105262106472 -1.18421846007065 1209.60366884496 0.347107620319796
5 8 0 0.762105262106472 -1.38158820341576 1275.23148658882 0.28568188944414
5 9 0 0.762105262106472 -1.57895794676087 1272.65367807578 0.282413109357062
5 10 0 0.762105262106472 -1.77632769010598 1272.25044367056 0.283470063726663
5 11 0 0.762105262106472 -1.97369743345109 1273.9178931117 0.283561432866276
5 12 0 0.762105262106472 -2.1710671767962 1288.13951610313 0.215852507693378
5 13 0 0.762105262106472 -2.36843692014131 1209.69537637841 0.34317295077998
5 14 0 0.762105262106472 -2.56580666348642 877.14081221505 0.30695228880949
5 15 0 0.762105262106472 -2.76317640683153 874.943957958386 0.308351691991327
5 16 0 0.762105262106472 -2.96054615017664 874.904319805171 0.306028162854223
5 17 0 0.762105262106472 -3.15791589352174 877.106686919189 0.304805938500952
5 18 0 0.762105262106472 -3.35528563686685 886.793631478039 0.308446675937225
5 19 0 0.762105262106472 -3.55265538021196 880.584193398614 0.306530161165838
5 20 0 0.762105262106472 -3.75002512355707 876.581950090822 0.302934763112634
5 21 0 0.762105262106472 -3.94739486690218 874.748072457607 0.303324265136
5 22 0 0.762105262106472 -4.14476461024729 875.204667014618 0.304897175035122
5 23 0 0.762105262106472 -4.3421343535924 877.913640687542 0.306201356939399
5 24 0 0.762105262106472 -4.53950409693751 882.760137508572 0.307236367036559
5 25 0 0.762105262106472 -4.73687384028262 879.605621994581 0.307559699804085
5 26 0 0.762105262106472 -4.93424358362773 876.008274623972 0.30866783710134
5 27 0 0.762105262106472 -5.13161332697283 874.578853762563 0.304381818335243
5 28 0 0.762105262106472 -5.32898307031794 875.567525744255 0.306347063975238
5 29 0 0.762105262106472 -5.52635281366305 878.683465039531 0.305162144495847
6 1 0 0.95263157763309 -1.4043334058875e-17 869.222909107145 0.299936508645236
6 2 0 0.95263157763309 -0.197369743345109 876.794826252989 0.303421592570458
6 3 0 0.95263157763309 -0.394739486690218 886.657978271282 0.308184660532706
6 4 0 0.95263157763309 -0.592109230035327 859.85475072308 0.300391921311676
6 5 0 0.95263157763309 -0.789478973380436 861.200980586421 0.299643554561418
6 6 0 0.95263157763309 -0.986848716725545 864.737269903017 0.30369240238047
6 7 0 0.95263157763309 -1.18421846007065 870.593481684671 0.306586350648572
6 8 0 0.95263157763309 -1.38158820341576 1288.90274218507 0.298406474472044
6 9 0 0.95263157763309 -1.57895794676087 1286.31448480741 0.291338512347943
6 10 0 0.95263157763309 -1.77632769010598 1285.98207118278 0.288449126934731
6 11 0 0.95263157763309 -1.97369743345109 1287.63905096391 0.288365779454453
6 12 0 0.95263157763309 -2.1710671767962 1223.05508332668 0.357045588193897
6 13 0 0.95263157763309 -2.36843692014131 866.814358086724 0.303859723849345
6 14 0 0.95263157763309 -2.56580666348642 862.326603795328 0.300153206178849
6 15 0 0.95263157763309 -2.76317640683153 860.082365184683 0.299831296788196
6 16 0 0.95263157763309 -2.96054615017664 860.117541758915 0.297859159189303
6 17 0 0.95263157763309 -3.15791589352174 880.526756696109 0.302129914025706
6 18 0 0.95263157763309 -3.35528563686685 872.037008245023 0.304555426965416
6 19 0 0.95263157763309 -3.55265538021196 865.754254463458 0.300270221390478
6 20 0 0.95263157763309 -3.75002512355707 861.739271620945 0.299098437615631
6 21 0 0.95263157763309 -3.94739486690218 859.917848828147 0.298199976397359
6 22 0 0.95263157763309 -4.14476461024729 860.394232292888 0.297582554132691
6 23 0 0.95263157763309 -4.3421343535924 863.080942833013 0.299105867480937
6 24 0 0.95263157763309 -4.53950409693751 867.976585556122 0.303115064478464
6 25 0 0.95263157763309 -4.73687384028262 864.770413314161 0.294065456692722
6 26 0 0.95263157763309 -4.93424358362773 861.193822899083 0.299090270806151
6 27 0 0.95263157763309 -5.13161332697283 859.765911547428 0.297510588510312
6 28 0 0.95263157763309 -5.32898307031794 860.801121692695 0.297893872887817
6 29 0 0.95263157763309 -5.52635281366305 863.890155043899 0.300186736983474
7 1 0 1.14315789315971 -1.68520008706501e-17 857.360597257134 0.296274057816598
7 2 0 1.14315789315971 -0.197369743345109 864.956983226632 0.299277898634594
7 3 0 1.14315789315971 -0.394739486690218 874.804455088139 0.30189066466133
7 4 0 1.14315789315971 -0.592109230035327 886.9055296945 0.307444005464198
7 5 0 1.14315789315971 -0.789478973380436 849.311183937654 0.294047730301683
7 6 0 1.14315789315971 -0.986848716725545 852.873030644075 0.291223796196285
7 7 0 1.14315789315971 -1.18421846007065 858.721728477558 0.301828194397397
7 8 0 1.14315789315971 -1.38158820341576 1240.27683439446 0.365365512981967
7 9 0 1.14315789315971 -1.57895794676087 1244.04253886189 0.361055668430366
7 10 0 1.14315789315971 -1.77632769010598 1302.6138099867 0.299258079314803
7 11 0 1.14315789315971 -1.97369743345109 1304.33473854995 0.296695857860555
7 12 0 1.14315789315971 -2.1710671767962 861.689405591042 0.30080128392593
7 13 0 1.14315789315971 -2.36843692014131 854.97502260245 0.299248769177963
7 14 0 1.14315789315971 -2.56580666348642 850.459651678103 0.293824920044257
7 15 0 1.14315789315971 -2.76317640683153 892.34138130532 0.307773699727104
7 16 0 1.14315789315971 -2.96054615017664 879.365480194369 0.303480727968799
7 17 0 1.14315789315971 -3.15791589352174 868.672787687306 0.298285717145009
7 18 0 1.14315789315971 -3.35528563686685 860.204491147987 0.296169427989871
7 19 0 1.14315789315971 -3.55265538021196 853.889981494762 0.292042062466056
7 20 0 1.14315789315971 -3.75002512355707 849.83414517776 0.291725449478862
7 21 0 1.14315789315971 -3.94739486690218 847.991070404841 0.289822446490132
7 22 0 1.14315789315971 -4.14476461024729 848.492201693904 0.292781773742927
7 23 0 1.14315789315971 -4.3421343535924 851.22498784338 0.294724704601068
7 24 0 1.14315789315971 -4.53950409693751 856.132843799003 0.298941611045427
7 25 0 1.14315789315971 -4.73687384028262 852.889374496665 0.294937967777255
7 26 0 1.14315789315971 -4.93424358362773 849.315526296805 0.293901433363668
7 27 0 1.14315789315971 -5.13161332697283 847.931540389205 0.29218913468881
7 28 0 1.14315789315971 -5.32898307031794 848.851576253385 0.291904343703687
7 29 0 1.14315789315971 -5.52635281366305 851.999829493451 0.294176638277636
8 1 0 1.33368420868633 -1.96606676824251e-17 848.459032483005 0.291114874064816
8 2 0 1.33368420868633 -0.197369743345109 856.050948197189 0.293869209041722
8 3 0 1.33368420868633 -0.394739486690218 865.950964684792 0.29704554858252
8 4 0 1.33368420868633 -0.592109230035327 839.011435555141 0.285544833156126
8 5 0 1.33368420868633 -0.789478973380436 840.375754385042 0.283952699819316
8 6 0 1.33368420868633 -0.986848716725545 843.919793831412 0.288377414757578
8 7 0 1.33368420868633 -1.18421846007065 849.84520801236 0.296841406336253
8 8 0 1.33368420868633 -1.38158820341576 857.878213961234 0.30131490510503
8 9 0 1.33368420868633 -1.57895794676087 839.551381864856 0.291035021895206
8 10 0 1.33368420868633 -1.77632769010598 839.13246385486 0.289562855567396
8 11 0 1.33368420868633 -1.97369743345109 1260.43503954689 0.375556257363916
8 12 0 1.33368420868633 -2.1710671767962 852.789246445004 0.296563523559112
8 13 0 1.33368420868633 -2.36843692014131 846.049866294426 0.292528643933195
8 14 0 1.33368420868633 -2.56580666348642 841.562103527864 0.286100907581544
8 15 0 1.33368420868633 -2.76317640683153 839.299230841509 0.287442970288446
8 16 0 1.33368420868633 -2.96054615017664 870.599119122463 0.297651560643973
8 17 0 1.33368420868633 -3.15791589352174 859.782852129105 0.293695215264483
8 18 0 1.33368420868633 -3.35528563686685 851.245329470986 0.29184889060917
8 19 0 1.33368420868633 -3.55265538021196 844.970717188297 0.288245013030645
8 20 0 1.33368420868633 -3.75002512355707 840.950105976367 0.28755266702643
8 21 0 1.33368420868633 -3.94739486690218 839.108994810955 0.28631948354
8 22 0 1.33368420868633 -4.14476461024729 839.586201230566 0.288228244018704
8 23 0 1.33368420868633 -4.3421343535924 842.277394684558 0.290039657059615
8 24 0 1.33368420868633 -4.53950409693751 847.224339924257 0.290662376220009
8 25 0 1.33368420868633 -4.73687384028262 843.997600949688 0.290247632303979
8 26 0 1.33368420868633 -4.93424358362773 840.399572048256 0.289449245986564
8 27 0 1.33368420868633 -5.13161332697283 839.057597676822 0.288010722190561
8 28 0 1.33368420868633 -5.32898307031794 839.93859701326 0.288197041863197
8 29 0 1.33368420868633 -5.52635281366305 843.083443732509 0.289354000449716
9 1 0 1.52421052421294 -2.24693344942001e-17 842.481117352579 0.28785694550764
9 2 0 1.52421052421294 -0.197369743345109 850.125962866015 0.290793040500496
9 3 0 1.52421052421294 -0.394739486690218 860.017849934619 0.296578979672103
9 4 0 1.52421052421294 -0.592109230035327 833.076098742546 0.284633754240321
9 5 0 1.52421052421294 -0.789478973380436 834.431691238375 0.284863631309239
9 6 0 1.52421052421294 -0.986848716725545 838.030909895719 0.284530520599882
9 7 0 1.52421052421294 -1.18421846007065 843.86884150404 0.284784194081028
9 8 0 1.52421052421294 -1.38158820341576 852.027001881643 0.287080723431412
9 9 0 1.52421052421294 -1.57895794676087 833.617983030352 0.285650767247557
9 10 0 1.52421052421294 -1.77632769010598 833.181893123488 0.286817572952425
9 11 0 1.52421052421294 -1.97369743345109 855.915516111454 0.299578734984174
9 12 0 1.52421052421294 -2.1710671767962 846.869098102232 0.286617645587346
9 13 0 1.52421052421294 -2.36843692014131 840.127025717746 0.284350989424851
9 14 0 1.52421052421294 -2.56580666348642 835.608555189269 0.283033850583752
9 15 0 1.52421052421294 -2.76317640683153 833.368961511172 0.282848114848942
9 16 0 1.52421052421294 -2.96054615017664 833.348767851711 0.287025184795336
9 17 0 1.52421052421294 -3.15791589352174 853.84255163495 0.291515273787234
9 18 0 1.52421052421294 -3.35528563686685 845.294915769951 0.287985082038716
9 19 0 1.52421052421294 -3.55265538021196 839.025550472784 0.285089757040947
9 20 0 1.52421052421294 -3.75002512355707 834.986004733404 0.283844613054596
9 21 0 1.52421052421294 -3.94739486690218 833.174049172275 0.281987350717833
9 22 0 1.52421052421294 -4.14476461024729 833.626958032041 0.286398037445795
9 23 0 1.52421052421294 -4.3421343535924 836.315177509163 0.286091786572908
9 24 0 1.52421052421294 -4.53950409693751 841.242275514764 0.291165115781021
9 25 0 1.52421052421294 -4.73687384028262 838.042469264646 0.287623225679219
9 26 0 1.52421052421294 -4.93424358362773 834.448180488328 0.284016575818699
9 27 0 1.52421052421294 -5.13161332697283 833.098692652163 0.283741299213027
9 28 0 1.52421052421294 -5.32898307031794 833.985301286705 0.284379256215872
9 29 0 1.52421052421294 -5.52635281366305 837.115677599379 0.28546877056013
10 1 0 1.71473683973956 -2.52780013059751e-17 839.501156619087 0.286135303582681
10 2 0 1.71473683973956 -0.197369743345109 847.207807851957 0.288346931007324
10 3 0 1.71473683973956 -0.394739486690218 857.07889124831 0.293017406915872
10 4 0 1.71473683973956 -0.592109230035327 830.100762128925 0.281815856898267
10 5 0 1.71473683973956 -0.789478973380436 831.461073839927 0.279862151615227
10 6 0 1.71473683973956 -0.986848716725545 835.077923137976 0.283339415792494
10 7 0 1.71473683973956 -1.18421846007065 840.90630147613 0.285077949181066
10 8 0 1.71473683973956 -1.38158820341576 848.969871574199 0.283908560977498
10 9 0 1.71473683973956 -1.57895794676087 859.466305732058 0.288100744717304
10 10 0 1.71473683973956 -1.77632769010598 864.130722405999 0.290863145503177
10 11 0 1.71473683973956 -1.97369743345109 852.890847016574 0.28817183389015
10 12 0 1.71473683973956 -2.1710671767962 843.899844356882 0.284831771930708
10 13 0 1.71473683973956 -2.36843692014131 837.152541959885 0.278010426820121
10 14 0 1.71473683973956 -2.56580666348642 832.637068747255 0.280210791257501
10 15 0 1.71473683973956 -2.76317640683153 830.380586602666 0.279095661435545
10 16 0 1.71473683973956 -2.96054615017664 830.381408130478 0.282281994423605
10 17 0 1.71473683973956 -3.15791589352174 850.862881432103 0.290148049937382
10 18 0 1.71473683973956 -3.35528563686685 842.347377199028 0.286614691712373
10 19 0 1.71473683973956 -3.55265538021196 836.031003371615 0.285040810805033
10 20 0 1.71473683973956 -3.75002512355707 831.995993370069 0.284396735421179
10 21 0 1.71473683973956 -3.94739486690218 830.198405526602 0.291488790759758
10 22 0 1.71473683973956 -4.14476461024729 830.643088578399 0.282270737593385
10 23 0 1.71473683973956 -4.3421343535924 833.324227969612 0.284919211224946
10 24 0 1.71473683973956 -4.53950409693751 838.261121285416 0.288811110927051
10 25 0 1.71473683973956 -4.73687384028262 835.049020177116 0.286401726029505
10 26 0 1.71473683973956 -4.93424358362773 831.449560034674 0.285357902866827
10 27 0 1.71473683973956 -5.13161332697283 830.105214615505 0.278651649592816
10 28 0 1.71473683973956 -5.32898307031794 830.9937525315 0.28260959190276
10 29 0 1.71473683973956 -5.52635281366305 834.127010466161 0.285256953778604
11 1 0 1.90526315526618 -2.80866681177501e-17 839.501089327752 0.286134964330613
11 2 0 1.90526315526618 -0.197369743345109 847.207422416804 0.288350211530441
11 3 0 1.90526315526618 -0.394739486690218 857.078723482811 0.293029941252129
11 4 0 1.90526315526618 -0.592109230035327 830.109619260247 0.28124668982687
11 5 0 1.90526315526618 -0.789478973380436 831.461189217812 0.279866717474873
11 6 0 1.90526315526618 -0.986848716725545 835.077810396192 0.283340128695538
11 7 0 1.90526315526618 -1.18421846007065 840.939685352244 0.284923352307987
11 8 0 1.90526315526618 -1.38158820341576 848.969853073386 0.283908630016927
11 9 0 1.90526315526618 -1.57895794676087 859.461732758467 0.288038243724408
11 10 0 1.90526315526618 -1.77632769010598 864.130280227042 0.290817097131391
11 11 0 1.90526315526618 -1.97369743345109 852.890857362269 0.288172438391156
11 12 0 1.90526315526618 -2.1710671767962 843.900053522331 0.28523576268622
11 13 0 1.90526315526618 -2.36843692014131 837.152435913578 0.277997285229655
11 14 0 1.90526315526618 -2.56580666348642 832.636836764923 0.280164869272604
11 15 0 1.90526315526618 -2.76317640683153 830.380434618601 0.279025506328991
11 16 0 1.90526315526618 -2.96054615017664 830.376178712703 0.282239984123709
11 17 0 1.90526315526618 -3.15791589352174 850.86290040024 0.29014810100568
11 18 0 1.90526315526618 -3.35528563686685 842.347378941504 0.286614481306545
11 19 0 1.90526315526618 -3.55265538021196 836.031001937585 0.285040807091609
11 20 0 1.90526315526618 -3.75002512355707 831.995934862371 0.284398266061043
11 21 0 1.90526315526618 -3.94739486690218 830.198408600664 0.29148782000683
11 22 0 1.90526315526618 -4.14476461024729 830.643088578487 0.282270737571481
11 23 0 1.90526315526618 -4.3421343535924 833.324279572374 0.284937970108705
11 24 0 1.90526315526618 -4.53950409693751 838.261165128243 0.28881119665413
11 25 0 1.90526315526618 -4.73687384028262 835.049017881224 0.286401805087488
11 26 0 1.90526315526618 -4.93424358362773 831.44952195376 0.285359340797537
11 27 0 1.90526315526618 -5.13161332697283 830.105186812977 0.278655733027753
11 28 0 1.90526315526618 -5.32898307031794 830.993620142804 0.282660316529085
11 29 0 1.90526315526618 -5.52635281366305 834.126997572365 0.285256671797939
12 1 0 2.0957894707928 -3.08953349295251e-17 842.481121820177 0.287856967765696
12 2 0 2.0957894707928 -0.197369743345109 850.125965250518 0.290792599601583
12 3 0 2.0957894707928 -0.394739486690218 860.017923418561 0.296578672765046
12 4 0 2.0957894707928 -0.592109230035327 833.076099271553 0.284633763167704
12 5 0 2.0957894707928 -0.789478973380436 834.431655671689 0.284863661481927
12 6 0 2.0957894707928 -0.986848716725545 838.030914089215 0.284530366644527
12 7 0 2.0957894707928 -1.18421846007065 843.868660034633 0.284784327760091
12 8 0 2.0957894707928 -1.38158820341576 852.026698739653 0.287246537261283
12 9 0 2.0957894707928 -1.57895794676087 833.617626663295 0.286050325976812
12 10 0 2.0957894707928 -1.77632769010598 833.1820445052 0.287520549630392
12 11 0 2.0957894707928 -1.97369743345109 855.915515929394 0.299578751077568
12 12 0 2.0957894707928 -2.1710671767962 846.869017960027 0.286619125397413
12 13 0 2.0957894707928 -2.36843692014131 840.126969555755 0.284351997343648
12 14 0 2.0957894707928 -2.56580666348642 835.609391419375 0.282607594699117
12 15 0 2.0957894707928 -2.76317640683153 833.369188252338 0.282842735401991
12 16 0 2.0957894707928 -2.96054615017664 833.348763131052 0.287025542884567
12 17 0 2.0957894707928 -3.15791589352174 853.842544823698 0.291515379096243
12 18 0 2.0957894707928 -3.35528563686685 845.295132878393 0.287981777117599
12 19 0 2.0957894707928 -3.55265538021196 839.025957756738 0.284840746238639
12 20 0 2.0957894707928 -3.75002512355707 834.98600473355 0.283844613055021
12 21 0 2.0957894707928 -3.94739486690218 833.174087737949 0.281991474286528
12 22 0 2.0957894707928 -4.14476461024729 833.625012983893 0.286412511049106
12 23 0 2.0957894707928 -4.3421343535924 836.314007477407 0.28607861477964
12 24 0 2.0957894707928 -4.53950409693751 841.246685140228 0.291134114477809
12 25 0 2.0957894707928 -4.73687384028262 838.041824029804 0.28753529276874
12 26 0 2.0957894707928 -4.93424358362773 834.448138442655 0.284015681311418
12 27 0 2.0957894707928 -5.13161332697283 833.098692652368 0.283741299270655
12 28 0 2.0957894707928 -5.32898307031794 833.985293170706 0.284379646711659
12 29 0 2.0957894707928 -5.52635281366305 837.115677595685 0.28546877059653
13 1 0 2.28631578631942 -3.37040017413001e-17 848.459037560603 0.291114946197081
13 2 0 2.28631578631942 -0.197369743345109 856.050917849049 0.293868883009622
13 3 0 2.28631578631942 -0.394739486690218 865.950983034284 0.29704294635243
13 4 0 2.28631578631942 -0.592109230035327 839.01117680828 0.28557987155701
13 5 0 2.28631578631942 -0.789478973380436 840.375954142494 0.283977653400825
13 6 0 2.28631578631942 -0.986848716725545 843.945467095688 0.288483496729601
13 7 0 2.28631578631942 -1.18421846007065 849.844072166913 0.296980387284867
13 8 0 2.28631578631942 -1.38158820341576 857.878219866174 0.301315286936476
13 9 0 2.28631578631942 -1.57895794676087 839.551379756328 0.291034932394014
13 10 0 2.28631578631942 -1.77632769010598 839.13246021355 0.289562829233623
13 11 0 2.28631578631942 -1.97369743345109 1260.43504153663 0.375556285273751
13 12 0 2.28631578631942 -2.1710671767962 852.789179288608 0.296564230639663
13 13 0 2.28631578631942 -2.36843692014131 846.049987097587 0.292448656332324
13 14 0 2.28631578631942 -2.56580666348642 841.560792997947 0.286173618822941
13 15 0 2.28631578631942 -2.76317640683153 839.29544478488 0.287438301605901
13 16 0 2.28631578631942 -2.96054615017664 870.598364191592 0.297628633785956
13 17 0 2.28631578631942 -3.15791589352174 859.782862842464 0.293694750373334
13 18 0 2.28631578631942 -3.35528563686685 851.245358486191 0.291848335381195
13 19 0 2.28631578631942 -3.55265538021196 844.969636527702 0.288736624433509
13 20 0 2.28631578631942 -3.75002512355707 840.9499708658 0.287555205594878
13 21 0 2.28631578631942 -3.94739486690218 839.109004528188 0.286319122707894
13 22 0 2.28631578631942 -4.14476461024729 839.586049315479 0.288228918104947
13 23 0 2.28631578631942 -4.3421343535924 842.277174361428 0.290172029383551
13 24 0 2.28631578631942 -4.53950409693751 847.225541499484 0.290676893261591
13 25 0 2.28631578631942 -4.73687384028262 843.997589722441 0.290247618923315
13 26 0 2.28631578631942 -4.93424358362773 840.399235787965 0.289450381874813
13 27 0 2.28631578631942 -5.13161332697283 839.057597641511 0.288010721534114
13 28 0 2.28631578631942 -5.32898307031794 839.938597013378 0.288197041892753
13 29 0 2.28631578631942 -5.52635281366305 843.083361383933 0.289353851307582
14 1 0 2.47684210184603 -3.65126685530751e-17 857.362583669981 0.296295527057047
14 2 0 2.47684210184603 -0.197369743345109 864.956983226809 0.299277898635359
14 3 0 2.47684210184603 -0.394739486690218 874.804434585226 0.301890812914439
14 4 0 2.47684210184603 -0.592109230035327 886.90552833818 0.307444185544451
14 5 0 2.47684210184603 -0.789478973380436 849.311183933434 0.294047731187691
14 6 0 2.47684210184603 -0.986848716725545 852.873030642082 0.29122379544869
14 7 0 2.47684210184603 -1.18421846007065 858.72173703401 0.301828403005035
14 8 0 2.47684210184603 -1.38158820341576 1240.27683444452 0.365365512920804
14 9 0 2.47684210184603 -1.57895794676087 1244.0422658083 0.361009537524798
14 10 0 2.47684210184603 -1.77632769010598 1302.61381000024 0.299258079821025
14 11 0 2.47684210184603 -1.97369743345109 1304.34040796021 0.297022037566768
14 12 0 2.47684210184603 -2.1710671767962 861.689371249429 0.300800345294817
14 13 0 2.47684210184603 -2.36843692014131 854.974997440944 0.299248677461082
14 14 0 2.47684210184603 -2.56580666348642 850.459670929249 0.293837245385801
14 15 0 2.47684210184603 -2.76317640683153 892.341281329396 0.307773322109898
14 16 0 2.47684210184603 -2.96054615017664 879.36600731554 0.303555881486244
14 17 0 2.47684210184603 -3.15791589352174 868.672773512879 0.298286289559554
14 18 0 2.47684210184603 -3.35528563686685 860.204490669498 0.29616941688088
14 19 0 2.47684210184603 -3.55265538021196 853.889212190086 0.292088020709458
14 20 0 2.47684210184603 -3.75002512355707 849.834145177877 0.291725449564407
14 21 0 2.47684210184603 -3.94739486690218 847.991032686669 0.28982249109307
14 22 0 2.47684210184603 -4.14476461024729 848.492201765316 0.292781789516075
14 23 0 2.47684210184603 -4.3421343535924 851.225033986082 0.294724686713535
14 24 0 2.47684210184603 -4.53950409693751 856.132850578079 0.298941707631079
14 25 0 2.47684210184603 -4.73687384028262 852.889280315531 0.294950827409819
14 26 0 2.47684210184603 -4.93424358362773 849.315356636954 0.293902035533663
14 27 0 2.47684210184603 -5.13161332697283 847.928218788566 0.292184950881631
14 28 0 2.47684210184603 -5.32898307031794 848.851576190325 0.291904343593286
14 29 0 2.47684210184603 -5.52635281366305 851.99977209291 0.29417614370544
15 1 0 2.66736841737265 -3.93213353648501e-17 869.22278177744 0.299935510261675
15 2 0 2.66736841737265 -0.197369743345109 876.795394651536 0.303439419489733
15 3 0 2.66736841737265 -0.394739486690218 886.657787628389 0.308183372893282
15 4 0 2.66736841737265 -0.592109230035327 859.85409482736 0.300392066567423
15 5 0 2.66736841737265 -0.789478973380436 861.209197821528 0.299688460136976
15 6 0 2.66736841737265 -0.986848716725545 864.737262673787 0.303692406100892
15 7 0 2.66736841737265 -1.18421846007065 870.595590856715 0.306512042109607
15 8 0 2.66736841737265 -1.38158820341576 1288.91850368961 0.298253279070325
15 9 0 2.66736841737265 -1.57895794676087 1286.31448480881 0.291338513114724
15 10 0 2.66736841737265 -1.77632769010598 1285.98207109047 0.288449130517383
15 11 0 2.66736841737265 -1.97369743345109 1287.63905648076 0.288365964697165
15 12 0 2.66736841737265 -2.1710671767962 1223.05548323137 0.357121820794797
15 13 0 2.66736841737265 -2.36843692014131 866.814386694205 0.303859194075187
15 14 0 2.66736841737265 -2.56580666348642 862.326603839811 0.300153214783644
15 15 0 2.66736841737265 -2.76317640683153 860.082231047768 0.299816093824582
15 16 0 2.66736841737265 -2.96054615017664 860.117830442765 0.29785798911459
15 17 0 2.66736841737265 -3.15791589352174 880.526695363131 0.302128331453961
15 18 0 2.66736841737265 -3.35528563686685 872.037168121064 0.304555164251579
15 19 0 2.66736841737265 -3.55265538021196 865.754204544534 0.300270297546333
15 20 0 2.66736841737265 -3.75002512355707 861.738725178506 0.299092216090818
15 21 0 2.66736841737265 -3.94739486690218 859.916203216008 0.29827025287
15 22 0 2.66736841737265 -4.14476461024729 860.395803951122 0.297566484876828
15 23 0 2.66736841737265 -4.3421343535924 863.082091331387 0.2989698548358
15 24 0 2.66736841737265 -4.53950409693751 867.97652379535 0.303115430551024
15 25 0 2.66736841737265 -4.73687384028262 864.770584368338 0.294000071428471
15 26 0 2.66736841737265 -4.93424358362773 861.193794027814 0.299090469028804
15 27 0 2.66736841737265 -5.13161332697283 859.765004016191 0.297508921799373
15 28 0 2.66736841737265 -5.32898307031794 860.800825624659 0.297863514064869
15 29 0 2.66736841737265 -5.52635281366305 863.890115126299 0.300186444929524
16 1 0 2.85789473289927 -4.21300021766252e-17 884.018718086703 0.30781367676689
16 2 0 2.85789473289927 -0.197369743345109 891.590861287698 0.311878134593263
16 3 0 2.85789473289927 -0.394739486690218 875.542347026974 0.305236510458505
16 4 0 2.85789473289927 -0.592109230035327 874.698668486445 0.305512177697939
16 5 0 2.85789473289927 -0.789478973380436 876.001286150728 0.307628516747541
16 6 0 2.85789473289927 -0.986848716725545 1210.17041199721 0.342659815655035
16 7 0 2.85789473289927 -1.18421846007065 1209.6038594041 0.347093903563554
16 8 0 2.85789473289927 -1.38158820341576 1275.23145807423 0.285681667797504
16 9 0 2.85789473289927 -1.57895794676087 1272.65367807531 0.282413109489578
16 10 0 2.85789473289927 -1.77632769010598 1272.25044367018 0.283470063720728
16 11 0 2.85789473289927 -1.97369743345109 1273.91794973832 0.283561453777558
16 12 0 2.85789473289927 -2.1710671767962 1288.13951610278 0.215852507699692
16 13 0 2.85789473289927 -2.36843692014131 1209.69517580973 0.343251386368457
16 14 0 2.85789473289927 -2.56580666348642 877.146603878031 0.306996201853525
16 15 0 2.85789473289927 -2.76317640683153 874.943943939354 0.30835172239606
16 16 0 2.85789473289927 -2.96054615017664 874.904270334407 0.306027644653366
16 17 0 2.85789473289927 -3.15791589352174 877.106690695528 0.304805965068856
16 18 0 2.85789473289927 -3.35528563686685 886.794224613785 0.308447976133284
16 19 0 2.85789473289927 -3.55265538021196 880.58557824383 0.306374760796575
16 20 0 2.85789473289927 -3.75002512355707 876.581311832471 0.303047797976895
16 21 0 2.85789473289927 -3.94739486690218 874.747622030027 0.303321963617946
16 22 0 2.85789473289927 -4.14476461024729 875.204641045609 0.304897354303824
16 23 0 2.85789473289927 -4.3421343535924 877.913739415949 0.306201128230362
16 24 0 2.85789473289927 -4.53950409693751 882.759964423959 0.307237719708248
16 25 0 2.85789473289927 -4.73687384028262 879.605619740124 0.307559500915589
16 26 0 2.85789473289927 -4.93424358362773 876.008262333817 0.308667813339207
16 27 0 2.85789473289927 -5.13161332697283 874.578856321449 0.304381811650003
16 28 0 2.85789473289927 -5.32898307031794 875.56224614626 0.304931055191057
16 29 0 2.85789473289927 -5.52635281366305 878.68346126706 0.305162148224763
17 1 0 3.04842104842589 -4.49386689884002e-17 901.682225130827 0.315836983350348
17 2 0 3.04842104842589 -0.197369743345109 896.405405295898 0.313444418685951
17 3 0 3.04842104842589 -0.394739486690218 893.236358200972 0.314211389325678
17 4 0 3.04842104842589 -0.592109230035327 1208.06346304821 0.343472939522102
17 5 0 3.04842104842589 -0.789478973380436 1202.95344177405 0.340042910058615
17 6 0 3.04842104842589 -0.986848716725545 1200.04875033757 0.340781611717005
17 7 0 3.04842104842589 -1.18421846007065 1277.34221117245 0.208454624260824
17 8 0 3.04842104842589 -1.38158820341576 1264.55866163548 0.277446580958294
17 9 0 3.04842104842589 -1.57895794676087 1261.95466621089 0.279960012937744
17 10 0 3.04842104842589 -1.77632769010598 1261.55191374257 0.279548334701118
17 11 0 3.04842104842589 -1.97369743345109 1263.28104740634 0.279150491904895
17 12 0 3.04842104842589 -2.1710671767962 1277.59272472023 0.210887675106072
17 13 0 3.04842104842589 -2.36843692014131 1199.5294932193 0.34065002471991
17 14 0 3.04842104842589 -2.56580666348642 1201.52142398827 0.342812024383205
17 15 0 3.04842104842589 -2.76317640683153 1205.7904308829 0.345205699893362
17 16 0 3.04842104842589 -2.96054615017664 892.621381267282 0.314215990751199
17 17 0 3.04842104842589 -3.15791589352174 894.910240605119 0.313943579429614
17 18 0 3.04842104842589 -3.35528563686685 899.28031094859 0.316150346511186
17 19 0 3.04842104842589 -3.55265538021196 898.276816167459 0.31667641962548
17 20 0 3.04842104842589 -3.75002512355707 894.255939718018 0.314196949673312
17 21 0 3.04842104842589 -3.94739486690218 892.450939152226 0.31396108516046
17 22 0 3.04842104842589 -4.14476461024729 1204.69209577181 0.34412744392126
17 23 0 3.04842104842589 -4.3421343535924 1200.95895202754 0.341539416924451
17 24 0 3.04842104842589 -4.53950409693751 1199.36478930332 0.344465274878048
17 25 0 3.04842104842589 -4.73687384028262 1200.01035202399 0.344795059063796
17 26 0 3.04842104842589 -4.93424358362773 1202.92045839777 0.337854900340786
17 27 0 3.04842104842589 -5.13161332697283 892.408882765327 0.314246769116766
17 28 0 3.04842104842589 -5.32898307031794 893.251037991745 0.31525343574786
17 29 0 3.04842104842589 -5.52635281366305 896.337094377814 0.315896768498087
18 1 0 3.23894736395251 -4.77473358001752e-17 1229.86223632 0.354725676723676
18 2 0 3.23894736395251 -0.197369743345109 1217.89952968519 0.343737368167397
18 3 0 3.23894736395251 -0.394739486690218 1208.21489588276 0.338895151189455
18 4 0 3.23894736395251 -0.592109230035327 1200.8496873307 0.334413359672031
18 5 0 3.23894736395251 -0.789478973380436 1195.69913953037 0.334916355506658
18 6 0 3.23894736395251 -0.986848716725545 1192.78352338994 0.336504294379505
18 7 0 3.23894736395251 -1.18421846007065 1269.79414697417 0.204274120826543
18 8 0 3.23894736395251 -1.38158820341576 1256.9480313722 0.276079879849065
18 9 0 3.23894736395251 -1.57895794676087 1254.33226987085 0.276591410434887
18 10 0 3.23894736395251 -1.77632769010598 1253.90262703195 0.275344105069046
18 11 0 3.23894736395251 -1.97369743345109 1255.62867657291 0.27538491906149
18 12 0 3.23894736395251 -2.1710671767962 1269.99518773083 0.205640074765672
18 13 0 3.23894736395251 -2.36843692014131 1269.82464656641 0.204420214007876
18 14 0 3.23894736395251 -2.56580666348642 1194.23211599079 0.336236967184897
18 15 0 3.23894736395251 -2.76317640683153 1198.5371834268 0.339288481606724
18 16 0 3.23894736395251 -2.96054615017664 1204.99720552071 0.342648467580367
18 17 0 3.23894736395251 -3.15791589352174 1213.80916582049 0.343789647499474
18 18 0 3.23894736395251 -3.35528563686685 1224.7443892729 0.348231717951383
18 19 0 3.23894736395251 -3.55265538021196 1222.38922442689 0.349705711512113
18 20 0 3.23894736395251 -3.75002512355707 1211.82600941671 0.344571334401249
18 21 0 3.23894736395251 -3.94739486690218 1203.49790308948 0.338553726214434
18 22 0 3.23894736395251 -4.14476461024729 1197.48960485883 0.338545361866101
18 23 0 3.23894736395251 -4.3421343535924 1193.680495203 0.338933847791963
18 24 0 3.23894736395251 -4.53950409693751 1192.07649626191 0.339877758092136
18 25 0 3.23894736395251 -4.73687384028262 1192.74653519907 0.339012055355385
18 26 0 3.23894736395251 -4.93424358362773 1195.68410266212 0.336999901313861
18 27 0 3.23894736395251 -5.13161332697283 1200.85569101955 0.342116736454797
18 28 0 3.23894736395251 -5.32898307031794 1208.21646233417 0.344109975566147
18 29 0 3.23894736395251 -5.52635281366305 1217.86215397094 0.343984326524292
19 1 0 3.42947367947912 -5.05560026119502e-17 1244.38315857749 0.392640926843286
19 2 0 3.42947367947912 -0.197369743345109 1213.60369138698 0.343823461399202
19 3 0 3.42947367947912 -0.394739486690218 1203.95742475611 0.339978920103578
19 4 0 3.42947367947912 -0.592109230035327 1196.45699771295 0.337835382779813
19 5 0 3.42947367947912 -0.789478973380436 1191.29966136045 0.330476216862899
19 6 0 3.42947367947912 -0.986848716725545 1188.3745525781 0.326957563094592
19 7 0 3.42947367947912 -1.18421846007065 1265.25216919314 0.201834755718936
19 8 0 3.42947367947912 -1.38158820341576 1252.36366511456 0.27358788769217
19 9 0 3.42947367947912 -1.57895794676087 1249.75974463585 0.273348767756895
19 10 0 3.42947367947912 -1.77632769010598 1249.33623654718 0.272173009112383
19 11 0 3.42947367947912 -1.97369743345109 1251.06102906796 0.273842674027592
19 12 0 3.42947367947912 -2.1710671767962 1265.45483242844 0.204686228896549
19 13 0 3.42947367947912 -2.36843692014131 1265.33795658561 0.202652799279293
19 14 0 3.42947367947912 -2.56580666348642 1189.84296223228 0.332711589512665
19 15 0 3.42947367947912 -2.76317640683153 1194.12614778111 0.334698861718245
19 16 0 3.42947367947912 -2.96054615017664 1200.66080209101 0.337899639167027
19 17 0 3.42947367947912 -3.15791589352174 1209.40486621619 0.337793001189575
19 18 0 3.42947367947912 -3.35528563686685 1220.44499710898 0.343742800541589
19 19 0 3.42947367947912 -3.55265538021196 1217.9855446956 0.3449244664459
19 20 0 3.42947367947912 -3.75002512355707 1207.44200441399 0.34037602756163
19 21 0 3.42947367947912 -3.94739486690218 1199.14720589093 0.335943641800432
19 22 0 3.42947367947912 -4.14476461024729 1193.084696604 0.331931362873532
19 23 0 3.42947367947912 -4.3421343535924 1189.27732133046 0.336155909070405
19 24 0 3.42947367947912 -4.53950409693751 1187.69762032846 0.338691961078162
19 25 0 3.42947367947912 -4.73687384028262 1188.37311101952 0.337647003554977
19 26 0 3.42947367947912 -4.93424358362773 1191.24901875565 0.333427395612929
19 27 0 3.42947367947912 -5.13161332697283 1196.43527025519 0.33816424929989
19 28 0 3.42947367947912 -5.32898307031794 1203.93464180958 0.336035453591962
19 29 0 3.42947367947912 -5.52635281366305 1213.57354258215 0.347065842907047
