16 1 2.85789473289927 -4.03902958119186e-17 63390.6199189711 0 
16 2 2.81148447655304 -0.191354389027489 50594.1499546251 0 
16 3 2.76507422020682 -0.382708778054978 35314.0580526779 0 
16 4 2.71866396386059 -0.574063167082467 25284.9003245529 0 
16 5 2.67225370751436 -0.765417556109956 27950.0013876879 0 
16 6 2.62584345116813 -0.956771945137445 51181.7615509523 0 
16 7 2.57943319482191 -1.14812633416493 95811.6747634193 0 
16 8 2.53302293847568 -1.33948072319242 156721.772642492 0 
16 9 2.48661268212945 -1.53083511221991 238414.979462635 0 
16 10 2.44020242578322 -1.7221895012474 316664.197767169 0 
16 11 2.393792169437 -1.91354389027489 346802.410242811 0 
16 12 2.34738191309077 -2.10489827930238 306144.033311472 0 
16 13 2.30097165674454 -2.29625266832987 225229.767093614 0 
16 14 2.25456140039831 -2.48760705735736 145636.816005858 0 
16 15 2.20815114405208 -2.67896144638485 86985.429108513 0 
16 16 2.16174088770586 -2.87031583541234 42243.7394627429 0 
16 17 2.11533063135963 -3.06167022443982 17766.4066770757 0 
16 18 2.0689203750134 -3.25302461346731 8172.56317803231 0 
16 19 2.02251011866718 -3.4443790024948 5159.55115054275 0 
16 20 1.97609986232095 -3.63573339152229 4409.85766301173 0 
16 21 1.92968960597472 -3.82708778054978 4346.11747012348 0 
16 22 1.88327934962849 -4.01844216957727 4672.1013098024 0 
16 23 1.83686909328227 -4.20979655860476 5679.22631495946 0 
16 24 1.79045883693604 -4.40115094763225 7949.94993576005 0 
16 25 1.74404858058981 -4.59250533665974 11947.5433024656 0 
16 26 1.69763832424358 -4.78385972568722 17315.2551015353 0 
16 27 1.65122806789735 -4.97521411471471 22511.9936413051 0 
16 28 1.60481781155113 -5.1665685037422 25395.6463638913 0 
16 29 1.5584075552049 -5.35792289276969 24551.6600814311 0 
16 30 1.51199729885867 -5.54927728179718 20456.2224638327 0 
16 31 1.46558704251245 -5.74063167082467 15122.2067734078 0 
16 32 1.41917678616622 -5.93198605985216 10804.6275786119 0 
16 33 1.37276652981999 -6.12334044887965 9114.1919613266 0 
16 34 1.32635627347376 -6.31469483790714 11299.117395158 0 
16 35 1.27994601712753 -6.50604922693463 18652.9354836685 0 
16 36 1.23353576078131 -6.69740361596211 31684.0322277942 0 
16 37 1.18712550443508 -6.8887580049896 47993.3891793537 0 
16 38 1.14071524808885 -7.08011239401709 61907.458092013 0 
16 39 1.09430499174263 -7.27146678304458 67769.5944136603 0 
